time velocity distance
0.0000e+00 6.0000e+00 0.0000e+00
1.0010e-02 5.9973e+00 6.0051e-02
2.0020e-02 5.9892e+00 1.2005e-01
3.0030e-02 5.9757e+00 1.7994e-01
4.0040e-02 5.9568e+00 2.3966e-01
5.0050e-02 5.9325e+00 2.9917e-01
6.0060e-02 5.9029e+00 3.5841e-01
7.0070e-02 5.8679e+00 4.1733e-01
8.0080e-02 5.8277e+00 4.7587e-01
9.0090e-02 5.7822e+00 5.3398e-01
1.0010e-01 5.7315e+00 5.9161e-01
1.1011e-01 5.6756e+00 6.4871e-01
1.2012e-01 5.6146e+00 7.0522e-01
1.3013e-01 5.5486e+00 7.6110e-01
1.4014e-01 5.4775e+00 8.1629e-01
1.5015e-01 5.4015e+00 8.7074e-01
1.6016e-01 5.3206e+00 9.2441e-01
1.7017e-01 5.2350e+00 9.7725e-01
1.8018e-01 5.1446e+00 1.0292e+00
1.9019e-01 5.0496e+00 1.0802e+00
2.0020e-01 4.9500e+00 1.1303e+00
2.1021e-01 4.8459e+00 1.1793e+00
2.2022e-01 4.7375e+00 1.2273e+00
2.3023e-01 4.6248e+00 1.2741e+00
2.4024e-01 4.5080e+00 1.3199e+00
2.5025e-01 4.3871e+00 1.3644e+00
2.6026e-01 4.2622e+00 1.4077e+00
2.7027e-01 4.1335e+00 1.4497e+00
2.8028e-01 4.0010e+00 1.4904e+00
2.9029e-01 3.8650e+00 1.5298e+00
3.0030e-01 3.7254e+00 1.5678e+00
3.1031e-01 3.5825e+00 1.6044e+00
3.2032e-01 3.4364e+00 1.6395e+00
3.3033e-01 3.2872e+00 1.6731e+00
3.4034e-01 3.1350e+00 1.7053e+00
3.5035e-01 2.9800e+00 1.7359e+00
3.6036e-01 2.8222e+00 1.7649e+00
3.7037e-01 2.6620e+00 1.7924e+00
3.8038e-01 2.4993e+00 1.8182e+00
3.9039e-01 2.3344e+00 1.8424e+00
4.0040e-01 2.1674e+00 1.8649e+00
4.1041e-01 1.9985e+00 1.8858e+00
4.2042e-01 1.8277e+00 1.9050e+00
4.3043e-01 1.6553e+00 1.9224e+00
4.4044e-01 1.4814e+00 1.9381e+00
4.5045e-01 1.3061e+00 1.9520e+00
4.6046e-01 1.1297e+00 1.9642e+00
4.7047e-01 9.5227e-01 1.9747e+00
4.8048e-01 7.7397e-01 1.9833e+00
4.9049e-01 5.9497e-01 1.9901e+00
5.0050e-01 4.1544e-01 1.9952e+00
5.1051e-01 2.3553e-01 1.9985e+00
5.2052e-01 5.5408e-02 1.9999e+00
5.3053e-01 -1.2476e-01 1.9996e+00
5.4054e-01 -3.0482e-01 1.9974e+00
5.5055e-01 -4.8460e-01 1.9935e+00
5.6056e-01 -6.6395e-01 1.9877e+00
5.7057e-01 -8.4270e-01 1.9802e+00
5.8058e-01 -1.0207e+00 1.9708e+00
5.9059e-01 -1.1978e+00 1.9597e+00
6.0060e-01 -1.3737e+00 1.9469e+00
6.1061e-01 -1.5485e+00 1.9322e+00
6.2062e-01 -1.7218e+00 1.9159e+00
6.3063e-01 -1.8936e+00 1.8978e+00
6.4064e-01 -2.0637e+00 1.8780e+00
6.5065e-01 -2.2320e+00 1.8565e+00
6.6066e-01 -2.3982e+00 1.8333e+00
6.7067e-01 -2.5622e+00 1.8085e+00
6.8068e-01 -2.7240e+00 1.7820e+00
6.9069e-01 -2.8833e+00 1.7539e+00
7.0070e-01 -3.0400e+00 1.7243e+00
7.1071e-01 -3.1939e+00 1.6931e+00
7.2072e-01 -3.3450e+00 1.6604e+00
7.3073e-01 -3.4930e+00 1.6261e+00
7.4074e-01 -3.6379e+00 1.5904e+00
7.5075e-01 -3.7795e+00 1.5533e+00
7.6076e-01 -3.9178e+00 1.5148e+00
7.7077e-01 -4.0524e+00 1.4749e+00
7.8078e-01 -4.1835e+00 1.4337e+00
7.9079e-01 -4.3107e+00 1.3912e+00
8.0080e-01 -4.4341e+00 1.3474e+00
8.1081e-01 -4.5535e+00 1.3024e+00
8.2082e-01 -4.6687e+00 1.2562e+00
8.3083e-01 -4.7798e+00 1.2089e+00
8.4084e-01 -4.8865e+00 1.1606e+00
8.5085e-01 -4.9888e+00 1.1111e+00
8.6086e-01 -5.0867e+00 1.0607e+00
8.7087e-01 -5.1799e+00 1.0093e+00
8.8088e-01 -5.2685e+00 9.5701e-01
8.9089e-01 -5.3523e+00 9.0385e-01
9.0090e-01 -5.4313e+00 8.4987e-01
9.1091e-01 -5.5054e+00 7.9513e-01
9.2092e-01 -5.5746e+00 7.3967e-01
9.3093e-01 -5.6387e+00 6.8354e-01
9.4094e-01 -5.6977e+00 6.2680e-01
9.5095e-01 -5.7516e+00 5.6949e-01
9.6096e-01 -5.8003e+00 5.1167e-01
9.7097e-01 -5.8438e+00 4.5338e-01
9.8098e-01 -5.8820e+00 3.9469e-01
9.9099e-01 -5.9149e+00 3.3564e-01
1.0010e+00 -5.9425e+00 2.7629e-01
1.0110e+00 -5.9647e+00 2.1669e-01
1.0210e+00 -5.9815e+00 1.5690e-01
1.0310e+00 -5.9929e+00 9.6961e-02
1.0410e+00 -5.9990e+00 3.6937e-02
1.0511e+00 -5.9996e+00 -2.3120e-02
1.0611e+00 -5.9948e+00 -8.3157e-02
1.0711e+00 -5.9846e+00 -1.4312e-01
1.0811e+00 -5.9690e+00 -2.0295e-01
1.0911e+00 -5.9481e+00 -2.6260e-01
1.1011e+00 -5.9217e+00 -3.2201e-01
1.1111e+00 -5.8900e+00 -3.8114e-01
1.1211e+00 -5.8531e+00 -4.3991e-01
1.1311e+00 -5.8108e+00 -4.9830e-01
1.1411e+00 -5.7633e+00 -5.5623e-01
1.1512e+00 -5.7106e+00 -6.1366e-01
1.1612e+00 -5.6527e+00 -6.7054e-01
1.1712e+00 -5.5898e+00 -7.2681e-01
1.1812e+00 -5.5218e+00 -7.8243e-01
1.1912e+00 -5.4488e+00 -8.3734e-01
1.2012e+00 -5.3709e+00 -8.9150e-01
1.2112e+00 -5.2882e+00 -9.4485e-01
1.2212e+00 -5.2007e+00 -9.9735e-01
1.2312e+00 -5.1085e+00 -1.0490e+00
1.2412e+00 -5.0118e+00 -1.0996e+00
1.2513e+00 -4.9104e+00 -1.1493e+00
1.2613e+00 -4.8047e+00 -1.1979e+00
1.2713e+00 -4.6946e+00 -1.2455e+00
1.2813e+00 -4.5803e+00 -1.2919e+00
1.2913e+00 -4.4619e+00 -1.3371e+00
1.3013e+00 -4.3395e+00 -1.3812e+00
1.3113e+00 -4.2131e+00 -1.4240e+00
1.3213e+00 -4.0829e+00 -1.4655e+00
1.3313e+00 -3.9491e+00 -1.5057e+00
1.3413e+00 -3.8117e+00 -1.5446e+00
1.3514e+00 -3.6708e+00 -1.5820e+00
1.3614e+00 -3.5266e+00 -1.6181e+00
1.3714e+00 -3.3793e+00 -1.6526e+00
1.3814e+00 -3.2289e+00 -1.6857e+00
1.3914e+00 -3.0756e+00 -1.7173e+00
1.4014e+00 -2.9196e+00 -1.7473e+00
1.4114e+00 -2.7608e+00 -1.7757e+00
1.4214e+00 -2.5997e+00 -1.8025e+00
1.4314e+00 -2.4361e+00 -1.8277e+00
1.4414e+00 -2.2704e+00 -1.8513e+00
1.4515e+00 -2.1026e+00 -1.8732e+00
1.4615e+00 -1.9329e+00 -1.8934e+00
1.4715e+00 -1.7615e+00 -1.9119e+00
1.4815e+00 -1.5885e+00 -1.9286e+00
1.4915e+00 -1.4141e+00 -1.9437e+00
1.5015e+00 -1.2383e+00 -1.9569e+00
1.5115e+00 -1.0615e+00 -1.9685e+00
1.5215e+00 -8.8372e-01 -1.9782e+00
1.5315e+00 -7.0513e-01 -1.9861e+00
1.5415e+00 -5.2591e-01 -1.9923e+00
1.5516e+00 -3.4621e-01 -1.9967e+00
1.5616e+00 -1.6620e-01 -1.9992e+00
1.5716e+00 1.3954e-02 -2.0000e+00
1.5816e+00 1.9410e-01 -1.9990e+00
1.5916e+00 3.7407e-01 -1.9961e+00
1.6016e+00 5.5371e-01 -1.9915e+00
1.6116e+00 7.3284e-01 -1.9850e+00
1.6216e+00 9.1131e-01 -1.9768e+00
1.6316e+00 1.0890e+00 -1.9668e+00
1.6416e+00 1.2656e+00 -1.9550e+00
1.6517e+00 1.4412e+00 -1.9414e+00
1.6617e+00 1.6154e+00 -1.9262e+00
1.6717e+00 1.7882e+00 -1.9091e+00
1.6817e+00 1.9593e+00 -1.8904e+00
1.6917e+00 2.1287e+00 -1.8699e+00
1.7017e+00 2.2962e+00 -1.8477e+00
1.7117e+00 2.4616e+00 -1.8239e+00
1.7217e+00 2.6248e+00 -1.7985e+00
1.7317e+00 2.7856e+00 -1.7714e+00
1.7417e+00 2.9439e+00 -1.7427e+00
1.7518e+00 3.0996e+00 -1.7125e+00
1.7618e+00 3.2524e+00 -1.6807e+00
1.7718e+00 3.4023e+00 -1.6474e+00
1.7818e+00 3.5492e+00 -1.6126e+00
1.7918e+00 3.6928e+00 -1.5763e+00
1.8018e+00 3.8332e+00 -1.5386e+00
1.8118e+00 3.9700e+00 -1.4996e+00
1.8218e+00 4.1033e+00 -1.4592e+00
1.8318e+00 4.2329e+00 -1.4175e+00
1.8418e+00 4.3587e+00 -1.3744e+00
1.8519e+00 4.4805e+00 -1.3302e+00
1.8619e+00 4.5983e+00 -1.2848e+00
1.8719e+00 4.7120e+00 -1.2382e+00
1.8819e+00 4.8214e+00 -1.1904e+00
1.8919e+00 4.9264e+00 -1.1416e+00
1.9019e+00 5.0270e+00 -1.0918e+00
1.9119e+00 5.1231e+00 -1.0410e+00
1.9219e+00 5.2146e+00 -9.8928e-01
1.9319e+00 5.3014e+00 -9.3664e-01
1.9419e+00 5.3833e+00 -8.8316e-01
1.9520e+00 5.4605e+00 -8.2888e-01
1.9620e+00 5.5327e+00 -7.7386e-01
1.9720e+00 5.5999e+00 -7.1814e-01
1.9820e+00 5.6620e+00 -6.6177e-01
1.9920e+00 5.7191e+00 -6.0480e-01
2.0020e+00 5.7710e+00 -5.4729e-01
2.0120e+00 5.8177e+00 -4.8928e-01
2.0220e+00 5.8591e+00 -4.3083e-01
2.0320e+00 5.8953e+00 -3.7200e-01
2.0420e+00 5.9261e+00 -3.1283e-01
2.0521e+00 5.9517e+00 -2.5338e-01
2.0621e+00 5.9718e+00 -1.9369e-01
2.0721e+00 5.9866e+00 -1.3384e-01
2.0821e+00 5.9959e+00 -7.3861e-02
2.0921e+00 5.9999e+00 -1.3818e-02
2.1021e+00 5.9984e+00 4.6238e-02
2.1121e+00 5.9915e+00 1.0625e-01
2.1221e+00 5.9793e+00 1.6617e-01
2.1321e+00 5.9616e+00 2.2594e-01
2.1421e+00 5.9386e+00 2.8550e-01
2.1522e+00 5.9102e+00 3.4481e-01
2.1622e+00 5.8764e+00 4.0381e-01
2.1722e+00 5.8374e+00 4.6244e-01
2.1822e+00 5.7931e+00 5.2065e-01
2.1922e+00 5.7436e+00 5.7840e-01
2.2022e+00 5.6889e+00 6.3562e-01
2.2122e+00 5.6291e+00 6.9228e-01
2.2222e+00 5.5642e+00 7.4830e-01
2.2322e+00 5.4943e+00 8.0365e-01
2.2422e+00 5.4194e+00 8.5828e-01
2.2523e+00 5.3397e+00 9.1214e-01
2.2623e+00 5.2551e+00 9.6517e-01
2.2723e+00 5.1658e+00 1.0173e+00
2.2823e+00 5.0718e+00 1.0686e+00
2.2923e+00 4.9733e+00 1.1188e+00
2.3023e+00 4.8703e+00 1.1681e+00
2.3123e+00 4.7628e+00 1.2163e+00
2.3223e+00 4.6511e+00 1.2635e+00
2.3323e+00 4.5352e+00 1.3094e+00
2.3423e+00 4.4152e+00 1.3542e+00
2.3524e+00 4.2913e+00 1.3978e+00
2.3624e+00 4.1634e+00 1.4401e+00
2.3724e+00 4.0318e+00 1.4812e+00
2.3824e+00 3.8966e+00 1.5208e+00
2.3924e+00 3.7578e+00 1.5592e+00
2.4024e+00 3.6157e+00 1.5961e+00
2.4124e+00 3.4703e+00 1.6315e+00
2.4224e+00 3.3218e+00 1.6655e+00
2.4324e+00 3.1702e+00 1.6980e+00
2.4424e+00 3.0159e+00 1.7290e+00
2.4525e+00 2.8588e+00 1.7584e+00
2.4625e+00 2.6991e+00 1.7862e+00
2.4725e+00 2.5370e+00 1.8124e+00
2.4825e+00 2.3726e+00 1.8370e+00
2.4925e+00 2.2060e+00 1.8599e+00
2.5025e+00 2.0375e+00 1.8812e+00
2.5125e+00 1.8671e+00 1.9007e+00
2.5225e+00 1.6951e+00 1.9185e+00
2.5325e+00 1.5215e+00 1.9346e+00
2.5425e+00 1.3466e+00 1.9490e+00
2.5526e+00 1.1704e+00 1.9616e+00
2.5626e+00 9.9317e-01 1.9724e+00
2.5726e+00 8.1506e-01 1.9815e+00
2.5826e+00 6.3621e-01 1.9887e+00
2.5926e+00 4.5678e-01 1.9942e+00
2.6026e+00 2.7694e-01 1.9979e+00
2.6126e+00 9.6859e-02 1.9997e+00
2.6226e+00 -8.3315e-02 1.9998e+00
2.6326e+00 -2.6341e-01 1.9981e+00
2.6426e+00 -4.4327e-01 1.9945e+00
2.6527e+00 -6.2273e-01 1.9892e+00
2.6627e+00 -8.0163e-01 1.9821e+00
2.6727e+00 -9.7981e-01 1.9732e+00
2.6827e+00 -1.1571e+00 1.9625e+00
2.6927e+00 -1.3334e+00 1.9500e+00
2.7027e+00 -1.5084e+00 1.9358e+00
2.7127e+00 -1.6821e+00 1.9198e+00
2.7227e+00 -1.8543e+00 1.9021e+00
2.7327e+00 -2.0248e+00 1.8827e+00
2.7427e+00 -2.1934e+00 1.8616e+00
2.7528e+00 -2.3601e+00 1.8388e+00
2.7628e+00 -2.5247e+00 1.8143e+00
2.7728e+00 -2.6870e+00 1.7882e+00
2.7828e+00 -2.8468e+00 1.7605e+00
2.7928e+00 -3.0041e+00 1.7313e+00
2.8028e+00 -3.1587e+00 1.7004e+00
2.8128e+00 -3.3105e+00 1.6680e+00
2.8228e+00 -3.4592e+00 1.6341e+00
2.8328e+00 -3.6049e+00 1.5988e+00
2.8428e+00 -3.7473e+00 1.5620e+00
2.8529e+00 -3.8863e+00 1.5238e+00
2.8629e+00 -4.0218e+00 1.4842e+00
2.8729e+00 -4.1537e+00 1.4433e+00
2.8829e+00 -4.2818e+00 1.4010e+00
2.8929e+00 -4.4061e+00 1.3576e+00
2.9029e+00 -4.5264e+00 1.3128e+00
2.9129e+00 -4.6426e+00 1.2670e+00
2.9229e+00 -4.7546e+00 1.2199e+00
2.9329e+00 -4.8623e+00 1.1718e+00
2.9429e+00 -4.9657e+00 1.1226e+00
2.9530e+00 -5.0646e+00 1.0724e+00
2.9630e+00 -5.1589e+00 1.0212e+00
2.9730e+00 -5.2486e+00 9.6912e-01
2.9830e+00 -5.3335e+00 9.1615e-01
2.9930e+00 -5.4136e+00 8.6236e-01
3.0030e+00 -5.4888e+00 8.0779e-01
3.0130e+00 -5.5591e+00 7.5249e-01
3.0230e+00 -5.6244e+00 6.9651e-01
3.0330e+00 -5.6846e+00 6.3990e-01
3.0430e+00 -5.7397e+00 5.8272e-01
3.0531e+00 -5.7896e+00 5.2501e-01
3.0631e+00 -5.8343e+00 4.6683e-01
3.0731e+00 -5.8737e+00 4.0823e-01
3.0831e+00 -5.9078e+00 3.4926e-01
3.0931e+00 -5.9366e+00 2.8997e-01
3.1031e+00 -5.9600e+00 2.3042e-01
3.1131e+00 -5.9781e+00 1.7067e-01
3.1231e+00 -5.9908e+00 1.1076e-01
3.1331e+00 -5.9981e+00 5.0752e-02
3.1431e+00 -5.9999e+00 -9.3029e-03
3.1532e+00 -5.9964e+00 -6.9349e-02
3.1632e+00 -5.9874e+00 -1.2933e-01
3.1732e+00 -5.9731e+00 -1.8920e-01
3.1832e+00 -5.9534e+00 -2.4890e-01
3.1932e+00 -5.9283e+00 -3.0837e-01
3.2032e+00 -5.8978e+00 -3.6756e-01
3.2132e+00 -5.8620e+00 -4.2642e-01
3.2232e+00 -5.8210e+00 -4.8490e-01
3.2332e+00 -5.7747e+00 -5.4294e-01
3.2432e+00 -5.7232e+00 -6.0049e-01
3.2533e+00 -5.6665e+00 -6.5750e-01
3.2633e+00 -5.6047e+00 -7.1392e-01
3.2733e+00 -5.5379e+00 -7.6969e-01
3.2833e+00 -5.4661e+00 -8.2477e-01
3.2933e+00 -5.3893e+00 -8.7911e-01
3.3033e+00 -5.3077e+00 -9.3265e-01
3.3133e+00 -5.2213e+00 -9.8535e-01
3.3233e+00 -5.1302e+00 -1.0372e+00
3.3333e+00 -5.0344e+00 -1.0880e+00
3.3433e+00 -4.9342e+00 -1.1379e+00
3.3534e+00 -4.8294e+00 -1.1868e+00
3.3634e+00 -4.7203e+00 -1.2346e+00
3.3734e+00 -4.6070e+00 -1.2813e+00
3.3834e+00 -4.4895e+00 -1.3268e+00
3.3934e+00 -4.3680e+00 -1.3712e+00
3.4034e+00 -4.2425e+00 -1.4143e+00
3.4134e+00 -4.1132e+00 -1.4561e+00
3.4234e+00 -3.9802e+00 -1.4966e+00
3.4334e+00 -3.8436e+00 -1.5358e+00
3.4434e+00 -3.7035e+00 -1.5735e+00
3.4535e+00 -3.5601e+00 -1.6099e+00
3.4635e+00 -3.4135e+00 -1.6448e+00
3.4735e+00 -3.2638e+00 -1.6782e+00
3.4835e+00 -3.1111e+00 -1.7101e+00
3.4935e+00 -2.9557e+00 -1.7405e+00
3.5035e+00 -2.7976e+00 -1.7693e+00
3.5135e+00 -2.6370e+00 -1.7965e+00
3.5235e+00 -2.4739e+00 -1.8221e+00
3.5335e+00 -2.3087e+00 -1.8460e+00
3.5435e+00 -2.1414e+00 -1.8683e+00
3.5536e+00 -1.9721e+00 -1.8889e+00
3.5636e+00 -1.8011e+00 -1.9078e+00
3.5736e+00 -1.6284e+00 -1.9249e+00
3.5836e+00 -1.4543e+00 -1.9404e+00
3.5936e+00 -1.2789e+00 -1.9540e+00
3.6036e+00 -1.1023e+00 -1.9660e+00
3.6136e+00 -9.2470e-01 -1.9761e+00
3.6236e+00 -7.4628e-01 -1.9845e+00
3.6336e+00 -5.6719e-01 -1.9910e+00
3.6436e+00 -3.8759e-01 -1.9958e+00
3.6537e+00 -2.0764e-01 -1.9988e+00
3.6637e+00 -2.7500e-02 -2.0000e+00
3.6737e+00 1.5266e-01 -1.9994e+00
3.6837e+00 3.3269e-01 -1.9969e+00
3.6937e+00 5.1242e-01 -1.9927e+00
3.7037e+00 6.9168e-01 -1.9867e+00
3.7137e+00 8.7032e-01 -1.9788e+00
3.7237e+00 1.0482e+00 -1.9692e+00
3.7337e+00 1.2251e+00 -1.9579e+00
3.7437e+00 1.4009e+00 -1.9447e+00
3.7538e+00 1.5754e+00 -1.9298e+00
3.7638e+00 1.7486e+00 -1.9132e+00
3.7738e+00 1.9201e+00 -1.8948e+00
3.7838e+00 2.0899e+00 -1.8748e+00
3.7938e+00 2.2578e+00 -1.8530e+00
3.8038e+00 2.4237e+00 -1.8296e+00
3.8138e+00 2.5874e+00 -1.8045e+00
3.8238e+00 2.7488e+00 -1.7778e+00
3.8338e+00 2.9077e+00 -1.7495e+00
3.8438e+00 3.0640e+00 -1.7196e+00
3.8539e+00 3.2175e+00 -1.6881e+00
3.8639e+00 3.3681e+00 -1.6552e+00
3.8739e+00 3.5157e+00 -1.6207e+00
3.8839e+00 3.6601e+00 -1.5848e+00
3.8939e+00 3.8012e+00 -1.5474e+00
3.9039e+00 3.9389e+00 -1.5087e+00
3.9139e+00 4.0730e+00 -1.4686e+00
3.9239e+00 4.2034e+00 -1.4272e+00
3.9339e+00 4.3301e+00 -1.3845e+00
3.9439e+00 4.4528e+00 -1.3405e+00
3.9540e+00 4.5716e+00 -1.2953e+00
3.9640e+00 4.6862e+00 -1.2490e+00
3.9740e+00 4.7966e+00 -1.2015e+00
3.9840e+00 4.9027e+00 -1.1530e+00
3.9940e+00 5.0043e+00 -1.1034e+00
4.0040e+00 5.1014e+00 -1.0528e+00
4.0140e+00 5.1940e+00 -1.0013e+00
4.0240e+00 5.2818e+00 -9.4883e-01
4.0340e+00 5.3649e+00 -8.9554e-01
4.0440e+00 5.4431e+00 -8.4144e-01
4.0541e+00 5.5165e+00 -7.8658e-01
4.0641e+00 5.5848e+00 -7.3102e-01
4.0741e+00 5.6482e+00 -6.7479e-01
4.0841e+00 5.7064e+00 -6.1796e-01
4.0941e+00 5.7595e+00 -5.6056e-01
4.1041e+00 5.8074e+00 -5.0267e-01
4.1141e+00 5.8501e+00 -4.4432e-01
4.1241e+00 5.8874e+00 -3.8557e-01
4.1341e+00 5.9195e+00 -3.2647e-01
4.1441e+00 5.9463e+00 -2.6708e-01
4.1542e+00 5.9676e+00 -2.0744e-01
4.1642e+00 5.9836e+00 -1.4762e-01
4.1742e+00 5.9942e+00 -8.7668e-02
4.1842e+00 5.9994e+00 -2.7635e-02
4.1942e+00 5.9992e+00 3.2423e-02
4.2042e+00 5.9936e+00 9.2451e-02
4.2142e+00 5.9826e+00 1.5240e-01
4.2242e+00 5.9661e+00 2.1220e-01
4.2342e+00 5.9443e+00 2.7182e-01
4.2442e+00 5.9172e+00 3.3119e-01
4.2543e+00 5.8847e+00 3.9026e-01
4.2643e+00 5.8469e+00 4.4898e-01
4.2743e+00 5.8038e+00 5.0730e-01
4.2843e+00 5.7555e+00 5.6516e-01
4.2943e+00 5.7020e+00 6.2251e-01
4.3043e+00 5.6433e+00 6.7930e-01
4.3143e+00 5.5796e+00 7.3547e-01
4.3243e+00 5.5108e+00 7.9098e-01
4.3343e+00 5.4371e+00 8.4578e-01
4.3443e+00 5.3584e+00 8.9982e-01
4.3544e+00 5.2750e+00 9.5304e-01
4.3644e+00 5.1868e+00 1.0054e+00
4.3744e+00 5.0939e+00 1.0569e+00
4.3844e+00 4.9964e+00 1.1074e+00
4.3944e+00 4.8944e+00 1.1569e+00
4.4044e+00 4.7879e+00 1.2053e+00
4.4144e+00 4.6772e+00 1.2527e+00
4.4244e+00 4.5623e+00 1.2990e+00
4.4344e+00 4.4432e+00 1.3440e+00
4.4444e+00 4.3201e+00 1.3879e+00
4.4545e+00 4.1932e+00 1.4305e+00
4.4645e+00 4.0624e+00 1.4718e+00
4.4745e+00 3.9280e+00 1.5118e+00
4.4845e+00 3.7901e+00 1.5505e+00
4.4945e+00 3.6487e+00 1.5877e+00
4.5045e+00 3.5040e+00 1.6235e+00
4.5145e+00 3.3562e+00 1.6578e+00
4.5245e+00 3.2054e+00 1.6907e+00
4.5345e+00 3.0516e+00 1.7220e+00
4.5445e+00 2.8951e+00 1.7518e+00
4.5546e+00 2.7360e+00 1.7800e+00
4.5646e+00 2.5745e+00 1.8065e+00
4.5746e+00 2.4106e+00 1.8315e+00
4.5846e+00 2.2445e+00 1.8548e+00
4.5946e+00 2.0764e+00 1.8764e+00
4.6046e+00 1.9065e+00 1.8964e+00
4.6146e+00 1.7348e+00 1.9146e+00
4.6246e+00 1.5616e+00 1.9311e+00
4.6346e+00 1.3869e+00 1.9458e+00
4.6446e+00 1.2110e+00 1.9588e+00
4.6547e+00 1.0340e+00 1.9701e+00
4.6647e+00 8.5611e-01 1.9795e+00
4.6747e+00 6.7741e-01 1.9872e+00
4.6847e+00 4.9810e-01 1.9931e+00
4.6947e+00 3.1835e-01 1.9972e+00
4.7047e+00 1.3830e-01 1.9995e+00
4.7147e+00 -4.1863e-02 2.0000e+00
4.7247e+00 -2.2199e-01 1.9986e+00
4.7347e+00 -4.0192e-01 1.9955e+00
4.7447e+00 -5.8149e-01 1.9906e+00
4.7548e+00 -7.6053e-01 1.9839e+00
4.7648e+00 -9.3889e-01 1.9754e+00
4.7748e+00 -1.1164e+00 1.9651e+00
4.7848e+00 -1.2929e+00 1.9530e+00
4.7948e+00 -1.4682e+00 1.9392e+00
4.8048e+00 -1.6423e+00 1.9236e+00
4.8148e+00 -1.8148e+00 1.9063e+00
4.8248e+00 -1.9857e+00 1.8873e+00
4.8348e+00 -2.1548e+00 1.8666e+00
4.8448e+00 -2.3220e+00 1.8442e+00
4.8549e+00 -2.4870e+00 1.8201e+00
4.8649e+00 -2.6499e+00 1.7944e+00
4.8749e+00 -2.8103e+00 1.7671e+00
4.8849e+00 -2.9682e+00 1.7381e+00
4.8949e+00 -3.1234e+00 1.7076e+00
4.9049e+00 -3.2758e+00 1.6756e+00
4.9149e+00 -3.4253e+00 1.6421e+00
4.9249e+00 -3.5716e+00 1.6070e+00
4.9349e+00 -3.7148e+00 1.5706e+00
4.9449e+00 -3.8546e+00 1.5327e+00
4.9550e+00 -3.9909e+00 1.4934e+00
4.9650e+00 -4.1236e+00 1.4528e+00
4.9750e+00 -4.2526e+00 1.4109e+00
4.9850e+00 -4.3778e+00 1.3677e+00
4.9950e+00 -4.4990e+00 1.3232e+00
5.0050e+00 -4.6162e+00 1.2776e+00
5.0150e+00 -4.7292e+00 1.2308e+00
5.0250e+00 -4.8379e+00 1.1830e+00
5.0350e+00 -4.9423e+00 1.1340e+00
5.0450e+00 -5.0422e+00 1.0840e+00
5.0551e+00 -5.1376e+00 1.0331e+00
5.0651e+00 -5.2283e+00 9.8118e-01
5.0751e+00 -5.3144e+00 9.2841e-01
5.0851e+00 -5.3956e+00 8.7480e-01
5.0951e+00 -5.4720e+00 8.2041e-01
5.1051e+00 -5.5434e+00 7.6527e-01
5.1151e+00 -5.6098e+00 7.0945e-01
5.1251e+00 -5.6712e+00 6.5298e-01
5.1351e+00 -5.7275e+00 5.9593e-01
5.1451e+00 -5.7786e+00 5.3833e-01
5.1552e+00 -5.8244e+00 4.8026e-01
5.1652e+00 -5.8651e+00 4.2175e-01
5.1752e+00 -5.9004e+00 3.6285e-01
5.1852e+00 -5.9305e+00 3.0364e-01
5.1952e+00 -5.9551e+00 2.4414e-01
5.2052e+00 -5.9744e+00 1.8443e-01
5.2152e+00 -5.9884e+00 1.2455e-01
5.2252e+00 -5.9969e+00 6.4564e-02
5.2352e+00 -6.0000e+00 4.5151e-03
5.2452e+00 -5.9977e+00 -5.5538e-02
5.2553e+00 -5.9900e+00 -1.1554e-01
5.2653e+00 -5.9769e+00 -1.7544e-01
5.2753e+00 -5.9584e+00 -2.3518e-01
5.2853e+00 -5.9345e+00 -2.9471e-01
5.2953e+00 -5.9053e+00 -3.5397e-01
5.3053e+00 -5.8707e+00 -4.1291e-01
5.3153e+00 -5.8309e+00 -4.7149e-01
5.3253e+00 -5.7858e+00 -5.2963e-01
5.3353e+00 -5.7355e+00 -5.8730e-01
5.3453e+00 -5.6800e+00 -6.4444e-01
5.3554e+00 -5.6194e+00 -7.0100e-01
5.3654e+00 -5.5537e+00 -7.5692e-01
5.3754e+00 -5.4830e+00 -8.1216e-01
5.3854e+00 -5.4074e+00 -8.6668e-01
5.3954e+00 -5.3269e+00 -9.2040e-01
5.4054e+00 -5.2416e+00 -9.7330e-01
5.4154e+00 -5.1515e+00 -1.0253e+00
5.4254e+00 -5.0569e+00 -1.0764e+00
5.4354e+00 -4.9576e+00 -1.1265e+00
5.4454e+00 -4.8539e+00 -1.1757e+00
5.4555e+00 -4.7458e+00 -1.2237e+00
5.4655e+00 -4.6335e+00 -1.2707e+00
5.4755e+00 -4.5169e+00 -1.3165e+00
5.4855e+00 -4.3963e+00 -1.3611e+00
5.4955e+00 -4.2717e+00 -1.4045e+00
5.5055e+00 -4.1433e+00 -1.4466e+00
5.5155e+00 -4.0111e+00 -1.4874e+00
5.5255e+00 -3.8753e+00 -1.5269e+00
5.5355e+00 -3.7360e+00 -1.5650e+00
5.5455e+00 -3.5934e+00 -1.6017e+00
5.5556e+00 -3.4475e+00 -1.6369e+00
5.5656e+00 -3.2985e+00 -1.6707e+00
5.5756e+00 -3.1465e+00 -1.7029e+00
5.5856e+00 -2.9917e+00 -1.7336e+00
5.5956e+00 -2.8342e+00 -1.7628e+00
5.6056e+00 -2.6741e+00 -1.7904e+00
5.6156e+00 -2.5117e+00 -1.8163e+00
5.6256e+00 -2.3469e+00 -1.8407e+00
5.6356e+00 -2.1801e+00 -1.8633e+00
5.6456e+00 -2.0112e+00 -1.8843e+00
5.6557e+00 -1.8406e+00 -1.9036e+00
5.6657e+00 -1.6683e+00 -1.9211e+00
5.6757e+00 -1.4945e+00 -1.9370e+00
5.6857e+00 -1.3193e+00 -1.9510e+00
5.6957e+00 -1.1430e+00 -1.9634e+00
5.7057e+00 -9.6564e-01 -1.9739e+00
5.7157e+00 -7.8740e-01 -1.9827e+00
5.7257e+00 -6.0845e-01 -1.9897e+00
5.7357e+00 -4.2895e-01 -1.9949e+00
5.7457e+00 -2.4906e-01 -1.9983e+00
5.7558e+00 -6.8952e-02 -1.9999e+00
5.7658e+00 1.1122e-01 -1.9997e+00
5.7758e+00 2.9129e-01 -1.9976e+00
5.7858e+00 4.7110e-01 -1.9938e+00
5.7958e+00 6.5049e-01 -1.9882e+00
5.8058e+00 8.2928e-01 -1.9808e+00
5.8158e+00 1.0073e+00 -1.9716e+00
5.8258e+00 1.1845e+00 -1.9606e+00
5.8358e+00 1.3605e+00 -1.9479e+00
5.8458e+00 1.5354e+00 -1.9334e+00
5.8559e+00 1.7089e+00 -1.9172e+00
5.8659e+00 1.8808e+00 -1.8992e+00
5.8759e+00 2.0510e+00 -1.8795e+00
5.8859e+00 2.2194e+00 -1.8581e+00
5.8959e+00 2.3858e+00 -1.8351e+00
5.9059e+00 2.5500e+00 -1.8104e+00
5.9159e+00 2.7119e+00 -1.7841e+00
5.9259e+00 2.8714e+00 -1.7561e+00
5.9359e+00 3.0283e+00 -1.7266e+00
5.9459e+00 3.1824e+00 -1.6955e+00
5.9560e+00 3.3337e+00 -1.6629e+00
5.9660e+00 3.4820e+00 -1.6288e+00
5.9760e+00 3.6271e+00 -1.5932e+00
5.9860e+00 3.7690e+00 -1.5562e+00
5.9960e+00 3.9075e+00 -1.5177e+00
6.0060e+00 4.0424e+00 -1.4779e+00
6.0160e+00 4.1737e+00 -1.4368e+00
6.0260e+00 4.3013e+00 -1.3944e+00
6.0360e+00 4.4249e+00 -1.3507e+00
6.0460e+00 4.5446e+00 -1.3058e+00
6.0561e+00 4.6602e+00 -1.2597e+00
6.0661e+00 4.7716e+00 -1.2125e+00
6.0761e+00 4.8786e+00 -1.1642e+00
6.0861e+00 4.9813e+00 -1.1149e+00
6.0961e+00 5.0795e+00 -1.0645e+00
6.1061e+00 5.1731e+00 -1.0132e+00
6.1161e+00 5.2620e+00 -9.6097e-01
6.1261e+00 5.3462e+00 -9.0787e-01
6.1361e+00 5.4256e+00 -8.5395e-01
6.1461e+00 5.5000e+00 -7.9927e-01
6.1562e+00 5.5696e+00 -7.4386e-01
6.1662e+00 5.6341e+00 -6.8778e-01
6.1762e+00 5.6935e+00 -6.3108e-01
6.1862e+00 5.7477e+00 -5.7382e-01
6.1962e+00 5.7968e+00 -5.1603e-01
6.2062e+00 5.8407e+00 -4.5778e-01
6.2162e+00 5.8793e+00 -3.9912e-01
6.2262e+00 5.9126e+00 -3.4009e-01
6.2362e+00 5.9406e+00 -2.8076e-01
6.2462e+00 5.9632e+00 -2.2118e-01
6.2563e+00 5.9804e+00 -1.6140e-01
6.2663e+00 5.9923e+00 -1.0147e-01
6.2763e+00 5.9987e+00 -4.1451e-02
6.2863e+00 5.9997e+00 1.8606e-02
6.2963e+00 5.9954e+00 7.8646e-02
6.3063e+00 5.9856e+00 1.3861e-01
6.3163e+00 5.9704e+00 1.9846e-01
6.3263e+00 5.9498e+00 2.5812e-01
6.3363e+00 5.9239e+00 3.1756e-01
6.3463e+00 5.8926e+00 3.7670e-01
6.3564e+00 5.8560e+00 4.3551e-01
6.3664e+00 5.8142e+00 4.9392e-01
6.3764e+00 5.7670e+00 5.5189e-01
6.3864e+00 5.7147e+00 6.0936e-01
6.3964e+00 5.6573e+00 6.6628e-01
6.4064e+00 5.5947e+00 7.2260e-01
6.4164e+00 5.5271e+00 7.7827e-01
6.4264e+00 5.4545e+00 8.3324e-01
6.4364e+00 5.3770e+00 8.8745e-01
6.4464e+00 5.2946e+00 9.4087e-01
6.4565e+00 5.2075e+00 9.9344e-01
6.4665e+00 5.1156e+00 1.0451e+00
6.4765e+00 5.0192e+00 1.0958e+00
6.4865e+00 4.9182e+00 1.1456e+00
6.4965e+00 4.8128e+00 1.1943e+00
6.5065e+00 4.7031e+00 1.2419e+00
6.5165e+00 4.5891e+00 1.2884e+00
6.5265e+00 4.4710e+00 1.3338e+00
6.5365e+00 4.3488e+00 1.3779e+00
6.5465e+00 4.2227e+00 1.4208e+00
6.5566e+00 4.0928e+00 1.4624e+00
6.5666e+00 3.9593e+00 1.5028e+00
6.5766e+00 3.8221e+00 1.5417e+00
6.5866e+00 3.6815e+00 1.5793e+00
6.5966e+00 3.5376e+00 1.6154e+00
6.6066e+00 3.3905e+00 1.6501e+00
6.6166e+00 3.2403e+00 1.6833e+00
6.6266e+00 3.0872e+00 1.7149e+00
6.6366e+00 2.9314e+00 1.7451e+00
6.6466e+00 2.7729e+00 1.7736e+00
6.6567e+00 2.6119e+00 1.8006e+00
6.6667e+00 2.4485e+00 1.8259e+00
6.6767e+00 2.2829e+00 1.8496e+00
6.6867e+00 2.1153e+00 1.8716e+00
6.6967e+00 1.9457e+00 1.8919e+00
6.7067e+00 1.7745e+00 1.9105e+00
6.7167e+00 1.6016e+00 1.9274e+00
6.7267e+00 1.4272e+00 1.9426e+00
6.7367e+00 1.2516e+00 1.9560e+00
6.7467e+00 1.0748e+00 1.9676e+00
6.7568e+00 8.9712e-01 1.9775e+00
6.7668e+00 7.1858e-01 1.9856e+00
6.7768e+00 5.3940e-01 1.9919e+00
6.7868e+00 3.5974e-01 1.9964e+00
6.7968e+00 1.7974e-01 1.9991e+00
6.8068e+00 -4.0903e-04 2.0000e+00
6.8168e+00 -1.8056e-01 1.9991e+00
6.8268e+00 -3.6055e-01 1.9964e+00
6.8368e+00 -5.4022e-01 1.9919e+00
6.8468e+00 -7.1939e-01 1.9856e+00
6.8569e+00 -8.9792e-01 1.9775e+00
6.8669e+00 -1.0756e+00 1.9676e+00
6.8769e+00 -1.2524e+00 1.9559e+00
6.8869e+00 -1.4280e+00 1.9425e+00
6.8969e+00 -1.6023e+00 1.9274e+00
6.9069e+00 -1.7752e+00 1.9105e+00
6.9169e+00 -1.9465e+00 1.8918e+00
6.9269e+00 -2.1161e+00 1.8715e+00
6.9369e+00 -2.2837e+00 1.8495e+00
6.9469e+00 -2.4492e+00 1.8258e+00
6.9570e+00 -2.6126e+00 1.8004e+00
6.9670e+00 -2.7736e+00 1.7735e+00
6.9770e+00 -2.9321e+00 1.7449e+00
6.9870e+00 -3.0879e+00 1.7148e+00
6.9970e+00 -3.2410e+00 1.6831e+00
7.0070e+00 -3.3912e+00 1.6499e+00
7.0170e+00 -3.5383e+00 1.6152e+00
7.0270e+00 -3.6822e+00 1.5791e+00
7.0370e+00 -3.8227e+00 1.5415e+00
7.0470e+00 -3.9599e+00 1.5026e+00
7.0571e+00 -4.0934e+00 1.4623e+00
7.0671e+00 -4.2233e+00 1.4206e+00
7.0771e+00 -4.3494e+00 1.3777e+00
7.0871e+00 -4.4715e+00 1.3336e+00
7.0971e+00 -4.5896e+00 1.2882e+00
7.1071e+00 -4.7036e+00 1.2417e+00
7.1171e+00 -4.8133e+00 1.1941e+00
7.1271e+00 -4.9187e+00 1.1454e+00
7.1371e+00 -5.0196e+00 1.0956e+00
7.1471e+00 -5.1161e+00 1.0449e+00
7.1572e+00 -5.2079e+00 9.9320e-01
7.1672e+00 -5.2950e+00 9.4063e-01
7.1772e+00 -5.3773e+00 8.8721e-01
7.1872e+00 -5.4548e+00 8.3299e-01
7.1972e+00 -5.5274e+00 7.7802e-01
7.2072e+00 -5.5950e+00 7.2235e-01
7.2172e+00 -5.6575e+00 6.6603e-01
7.2272e+00 -5.7150e+00 6.0910e-01
7.2372e+00 -5.7673e+00 5.5163e-01
7.2472e+00 -5.8144e+00 4.9366e-01
7.2573e+00 -5.8562e+00 4.3524e-01
7.2673e+00 -5.8928e+00 3.7643e-01
7.2773e+00 -5.9240e+00 3.1729e-01
7.2873e+00 -5.9499e+00 2.5785e-01
7.2973e+00 -5.9705e+00 1.9819e-01
7.3073e+00 -5.9856e+00 1.3834e-01
7.3173e+00 -5.9954e+00 7.8373e-02
7.3273e+00 -5.9997e+00 1.8333e-02
7.3373e+00 -5.9987e+00 -4.1724e-02
7.3473e+00 -5.9922e+00 -1.0174e-01
7.3574e+00 -5.9804e+00 -1.6167e-01
7.3674e+00 -5.9631e+00 -2.2145e-01
7.3774e+00 -5.9405e+00 -2.8103e-01
7.3874e+00 -5.9125e+00 -3.4036e-01
7.3974e+00 -5.8792e+00 -3.9938e-01
7.4074e+00 -5.8405e+00 -4.5805e-01
7.4174e+00 -5.7966e+00 -5.1629e-01
7.4274e+00 -5.7475e+00 -5.7408e-01
7.4374e+00 -5.6932e+00 -6.3134e-01
7.4474e+00 -5.6338e+00 -6.8804e-01
7.4575e+00 -5.5693e+00 -7.4411e-01
7.4675e+00 -5.4997e+00 -7.9952e-01
7.4775e+00 -5.4252e+00 -8.5420e-01
7.4875e+00 -5.3458e+00 -9.0811e-01
7.4975e+00 -5.2616e+00 -9.6121e-01
7.5075e+00 -5.1727e+00 -1.0134e+00
7.5175e+00 -5.0791e+00 -1.0648e+00
7.5275e+00 -4.9809e+00 -1.1151e+00
7.5375e+00 -4.8782e+00 -1.1645e+00
7.5475e+00 -4.7711e+00 -1.2128e+00
7.5576e+00 -4.6597e+00 -1.2600e+00
7.5676e+00 -4.5441e+00 -1.3060e+00
7.5776e+00 -4.4244e+00 -1.3509e+00
7.5876e+00 -4.3007e+00 -1.3946e+00
7.5976e+00 -4.1732e+00 -1.4370e+00
7.6076e+00 -4.0418e+00 -1.4781e+00
7.6176e+00 -3.9069e+00 -1.5179e+00
7.6276e+00 -3.7684e+00 -1.5563e+00
7.6376e+00 -3.6265e+00 -1.5933e+00
7.6476e+00 -3.4813e+00 -1.6289e+00
7.6577e+00 -3.3330e+00 -1.6630e+00
7.6677e+00 -3.1817e+00 -1.6956e+00
7.6777e+00 -3.0276e+00 -1.7267e+00
7.6877e+00 -2.8707e+00 -1.7562e+00
7.6977e+00 -2.7112e+00 -1.7842e+00
7.7077e+00 -2.5492e+00 -1.8105e+00
7.7177e+00 -2.3850e+00 -1.8352e+00
7.7277e+00 -2.2186e+00 -1.8582e+00
7.7377e+00 -2.0502e+00 -1.8796e+00
7.7477e+00 -1.8800e+00 -1.8993e+00
7.7578e+00 -1.7081e+00 -1.9172e+00
7.7678e+00 -1.5346e+00 -1.9335e+00
7.7778e+00 -1.3598e+00 -1.9480e+00
7.7878e+00 -1.1837e+00 -1.9607e+00
7.7978e+00 -1.0065e+00 -1.9717e+00
7.8078e+00 -8.2847e-01 -1.9808e+00
7.8178e+00 -6.4967e-01 -1.9882e+00
7.8278e+00 -4.7029e-01 -1.9938e+00
7.8378e+00 -2.9047e-01 -1.9977e+00
7.8478e+00 -1.1040e-01 -1.9997e+00
7.8579e+00 6.9770e-02 -1.9999e+00
7.8679e+00 2.4988e-01 -1.9983e+00
7.8779e+00 4.2976e-01 -1.9949e+00
7.8879e+00 6.0926e-01 -1.9897e+00
7.8979e+00 7.8821e-01 -1.9827e+00
7.9079e+00 9.6644e-01 -1.9739e+00
7.9179e+00 1.1438e+00 -1.9633e+00
7.9279e+00 1.3201e+00 -1.9510e+00
7.9379e+00 1.4953e+00 -1.9369e+00
7.9479e+00 1.6691e+00 -1.9211e+00
7.9580e+00 1.8414e+00 -1.9035e+00
7.9680e+00 2.0120e+00 -1.8842e+00
7.9780e+00 2.1808e+00 -1.8632e+00
7.9880e+00 2.3477e+00 -1.8405e+00
7.9980e+00 2.5124e+00 -1.8162e+00
8.0080e+00 2.6749e+00 -1.7903e+00
8.0180e+00 2.8349e+00 -1.7627e+00
8.0280e+00 2.9924e+00 -1.7335e+00
8.0380e+00 3.1472e+00 -1.7028e+00
8.0480e+00 3.2992e+00 -1.6705e+00
8.0581e+00 3.4482e+00 -1.6367e+00
8.0681e+00 3.5940e+00 -1.6015e+00
8.0781e+00 3.7367e+00 -1.5648e+00
8.0881e+00 3.8759e+00 -1.5267e+00
8.0981e+00 4.0117e+00 -1.4872e+00
8.1081e+00 4.1439e+00 -1.4464e+00
8.1181e+00 4.2723e+00 -1.4043e+00
8.1281e+00 4.3968e+00 -1.3609e+00
8.1381e+00 4.5174e+00 -1.3163e+00
8.1481e+00 4.6340e+00 -1.2704e+00
8.1582e+00 4.7463e+00 -1.2235e+00
8.1682e+00 4.8544e+00 -1.1754e+00
8.1782e+00 4.9581e+00 -1.1263e+00
8.1882e+00 5.0573e+00 -1.0762e+00
8.1982e+00 5.1520e+00 -1.0251e+00
8.2082e+00 5.2420e+00 -9.7307e-01
8.2182e+00 5.3273e+00 -9.2016e-01
8.2282e+00 5.4077e+00 -8.6643e-01
8.2382e+00 5.4834e+00 -8.1192e-01
8.2482e+00 5.5540e+00 -7.5667e-01
8.2583e+00 5.6197e+00 -7.0074e-01
8.2683e+00 5.6803e+00 -6.4418e-01
8.2783e+00 5.7357e+00 -5.8704e-01
8.2883e+00 5.7860e+00 -5.2937e-01
8.2983e+00 5.8311e+00 -4.7122e-01
8.3083e+00 5.8709e+00 -4.1265e-01
8.3183e+00 5.9054e+00 -3.5370e-01
8.3283e+00 5.9346e+00 -2.9444e-01
8.3383e+00 5.9585e+00 -2.3491e-01
8.3483e+00 5.9769e+00 -1.7517e-01
8.3584e+00 5.9900e+00 -1.1527e-01
8.3684e+00 5.9977e+00 -5.5265e-02
8.3784e+00 6.0000e+00 4.7878e-03
8.3884e+00 5.9968e+00 6.4837e-02
8.3984e+00 5.9883e+00 1.2483e-01
8.4084e+00 5.9744e+00 1.8470e-01
8.4184e+00 5.9550e+00 2.4442e-01
8.4284e+00 5.9303e+00 3.0391e-01
8.4384e+00 5.9003e+00 3.6312e-01
8.4484e+00 5.8649e+00 4.2201e-01
8.4585e+00 5.8243e+00 4.8052e-01
8.4685e+00 5.7783e+00 5.3860e-01
8.4785e+00 5.7272e+00 5.9619e-01
8.4885e+00 5.6709e+00 6.5324e-01
8.4985e+00 5.6095e+00 7.0970e-01
8.5085e+00 5.5431e+00 7.6552e-01
8.5185e+00 5.4716e+00 8.2066e-01
8.5285e+00 5.3952e+00 8.7505e-01
8.5385e+00 5.3140e+00 9.2865e-01
8.5485e+00 5.2279e+00 9.8142e-01
8.5586e+00 5.1372e+00 1.0333e+00
8.5686e+00 5.0418e+00 1.0843e+00
8.5786e+00 4.9418e+00 1.1342e+00
8.5886e+00 4.8375e+00 1.1832e+00
8.5986e+00 4.7287e+00 1.2311e+00
8.6086e+00 4.6157e+00 1.2778e+00
8.6186e+00 4.4985e+00 1.3234e+00
8.6286e+00 4.3773e+00 1.3679e+00
8.6386e+00 4.2521e+00 1.4111e+00
8.6486e+00 4.1230e+00 1.4530e+00
8.6587e+00 3.9903e+00 1.4936e+00
8.6687e+00 3.8540e+00 1.5329e+00
8.6787e+00 3.7142e+00 1.5707e+00
8.6887e+00 3.5710e+00 1.6072e+00
8.6987e+00 3.4246e+00 1.6422e+00
8.7087e+00 3.2751e+00 1.6758e+00
8.7187e+00 3.1227e+00 1.7078e+00
8.7287e+00 2.9675e+00 1.7383e+00
8.7387e+00 2.8096e+00 1.7672e+00
8.7487e+00 2.6491e+00 1.7945e+00
8.7588e+00 2.4863e+00 1.8202e+00
8.7688e+00 2.3212e+00 1.8443e+00
8.7788e+00 2.1540e+00 1.8667e+00
8.7888e+00 1.9849e+00 1.8874e+00
8.7988e+00 1.8140e+00 1.9064e+00
8.8088e+00 1.6415e+00 1.9237e+00
8.8188e+00 1.4674e+00 1.9393e+00
8.8288e+00 1.2921e+00 1.9531e+00
8.8388e+00 1.1156e+00 1.9651e+00
8.8488e+00 9.3808e-01 1.9754e+00
8.8589e+00 7.5972e-01 1.9839e+00
8.8689e+00 5.8068e-01 1.9906e+00
8.8789e+00 4.0111e-01 1.9955e+00
8.8889e+00 2.2118e-01 1.9986e+00
8.8989e+00 4.1045e-02 2.0000e+00
8.9089e+00 -1.3912e-01 1.9995e+00
8.9189e+00 -3.1916e-01 1.9972e+00
8.9289e+00 -4.9892e-01 1.9931e+00
8.9389e+00 -6.7822e-01 1.9872e+00
8.9489e+00 -8.5692e-01 1.9795e+00
8.9590e+00 -1.0348e+00 1.9700e+00
8.9690e+00 -1.2118e+00 1.9588e+00
8.9790e+00 -1.3877e+00 1.9458e+00
8.9890e+00 -1.5624e+00 1.9310e+00
8.9990e+00 -1.7356e+00 1.9145e+00
9.0090e+00 -1.9073e+00 1.8963e+00
9.0190e+00 -2.0772e+00 1.8763e+00
9.0290e+00 -2.2453e+00 1.8547e+00
9.0390e+00 -2.4113e+00 1.8314e+00
9.0490e+00 -2.5752e+00 1.8064e+00
9.0591e+00 -2.7368e+00 1.7798e+00
9.0691e+00 -2.8959e+00 1.7516e+00
9.0791e+00 -3.0523e+00 1.7219e+00
9.0891e+00 -3.2061e+00 1.6905e+00
9.0991e+00 -3.3569e+00 1.6577e+00
9.1091e+00 -3.5047e+00 1.6233e+00
9.1191e+00 -3.6493e+00 1.5875e+00
9.1291e+00 -3.7907e+00 1.5503e+00
9.1391e+00 -3.9286e+00 1.5117e+00
9.1491e+00 -4.0630e+00 1.4717e+00
9.1592e+00 -4.1938e+00 1.4303e+00
9.1692e+00 -4.3207e+00 1.3877e+00
9.1792e+00 -4.4437e+00 1.3438e+00
9.1892e+00 -4.5628e+00 1.2988e+00
9.1992e+00 -4.6777e+00 1.2525e+00
9.2092e+00 -4.7884e+00 1.2051e+00
9.2192e+00 -4.8948e+00 1.1567e+00
9.2292e+00 -4.9968e+00 1.1071e+00
9.2392e+00 -5.0943e+00 1.0566e+00
9.2492e+00 -5.1872e+00 1.0052e+00
9.2593e+00 -5.2754e+00 9.5280e-01
9.2693e+00 -5.3588e+00 8.9957e-01
9.2793e+00 -5.4374e+00 8.4553e-01
9.2893e+00 -5.5111e+00 7.9073e-01
9.2993e+00 -5.5799e+00 7.3522e-01
9.3093e+00 -5.6436e+00 6.7904e-01
9.3193e+00 -5.7022e+00 6.2225e-01
9.3293e+00 -5.7557e+00 5.6490e-01
9.3393e+00 -5.8040e+00 5.0704e-01
9.3493e+00 -5.8470e+00 4.4872e-01
9.3594e+00 -5.8848e+00 3.9000e-01
9.3694e+00 -5.9173e+00 3.3092e-01
9.3794e+00 -5.9444e+00 2.7155e-01
9.3894e+00 -5.9662e+00 2.1193e-01
9.3994e+00 -5.9826e+00 1.5212e-01
9.4094e+00 -5.9936e+00 9.2179e-02
9.4194e+00 -5.9992e+00 3.2150e-02
9.4294e+00 -5.9994e+00 -2.7908e-02
9.4394e+00 -5.9942e+00 -8.7941e-02
9.4494e+00 -5.9836e+00 -1.4789e-01
9.4595e+00 -5.9676e+00 -2.0771e-01
9.4695e+00 -5.9462e+00 -2.6735e-01
9.4795e+00 -5.9194e+00 -3.2674e-01
9.4895e+00 -5.8873e+00 -3.8583e-01
9.4995e+00 -5.8499e+00 -4.4458e-01
9.5095e+00 -5.8072e+00 -5.0293e-01
9.5195e+00 -5.7593e+00 -5.6083e-01
9.5295e+00 -5.7062e+00 -6.1822e-01
9.5395e+00 -5.6479e+00 -6.7505e-01
9.5495e+00 -5.5846e+00 -7.3127e-01
9.5596e+00 -5.5162e+00 -7.8683e-01
9.5696e+00 -5.4428e+00 -8.4169e-01
9.5796e+00 -5.3645e+00 -8.9578e-01
9.5896e+00 -5.2814e+00 -9.4907e-01
9.5996e+00 -5.1936e+00 -1.0015e+00
9.6096e+00 -5.1010e+00 -1.0530e+00
9.6196e+00 -5.0038e+00 -1.1036e+00
9.6296e+00 -4.9022e+00 -1.1532e+00
9.6396e+00 -4.7961e+00 -1.2017e+00
9.6496e+00 -4.6857e+00 -1.2492e+00
9.6597e+00 -4.5710e+00 -1.2955e+00
9.6697e+00 -4.4523e+00 -1.3407e+00
9.6797e+00 -4.3295e+00 -1.3846e+00
9.6897e+00 -4.2028e+00 -1.4274e+00
9.6997e+00 -4.0724e+00 -1.4688e+00
9.7097e+00 -3.9382e+00 -1.5089e+00
9.7197e+00 -3.8005e+00 -1.5476e+00
9.7297e+00 -3.6594e+00 -1.5849e+00
9.7397e+00 -3.5150e+00 -1.6209e+00
9.7497e+00 -3.3674e+00 -1.6553e+00
9.7598e+00 -3.2168e+00 -1.6883e+00
9.7698e+00 -3.0633e+00 -1.7197e+00
9.7798e+00 -2.9070e+00 -1.7496e+00
9.7898e+00 -2.7481e+00 -1.7779e+00
9.7998e+00 -2.5867e+00 -1.8046e+00
9.8098e+00 -2.4230e+00 -1.8297e+00
9.8198e+00 -2.2571e+00 -1.8531e+00
9.8298e+00 -2.0891e+00 -1.8748e+00
9.8398e+00 -1.9193e+00 -1.8949e+00
9.8498e+00 -1.7478e+00 -1.9133e+00
9.8599e+00 -1.5746e+00 -1.9299e+00
9.8699e+00 -1.4001e+00 -1.9448e+00
9.8799e+00 -1.2243e+00 -1.9579e+00
9.8899e+00 -1.0474e+00 -1.9693e+00
9.8999e+00 -8.6951e-01 -1.9789e+00
9.9099e+00 -6.9087e-01 -1.9867e+00
9.9199e+00 -5.1160e-01 -1.9927e+00
9.9299e+00 -3.3187e-01 -1.9969e+00
9.9399e+00 -1.5185e-01 -1.9994e+00
9.9499e+00 2.8318e-02 -2.0000e+00
9.9600e+00 2.0846e-01 -1.9988e+00
9.9700e+00 3.8841e-01 -1.9958e+00
9.9800e+00 5.6801e-01 -1.9910e+00
9.9900e+00 7.4709e-01 -1.9844e+00
1.0000e+01 9.2551e-01 -1.9761e+00
